3 0.9384765625 0.4931640625 0.107421875 0.30859375
3 0.8515625 0.419921875 0.0859375 0.228515625
3 0.8125 0.4921875 0.064453125 0.146484375
3 0.751953125 0.478515625 0.05859375 0.14453125
3 0.607421875 0.4453125 0.072265625 0.19140625
3 0.4375 0.4228515625 0.06640625 0.1171875
3 0.3955078125 0.4296875 0.05859375 0.125
3 0.341796875 0.4306640625 0.03125 0.111328125
3 0.251953125 0.4541015625 0.015625 0.087890625
3 0.220703125 0.458984375 0.021484375 0.10546875
3 0.19921875 0.4638671875 0.0078125 0.078125
3 0.1064453125 0.45703125 0.033203125 0.080078125
3 0.048828125 0.46484375 0.08203125 0.095703125